A
1
2
0.0594876  0.869769
0.809844  0.875324
0

A
1
3
0.489171  0.0407833
0.0529109  0.899675
0.922874  0.954284
0

B
2
0
0

C
0
2
0.88528  0.176599
0.819648  0.831058
0

E
0
3
0.81401  0.0230263
0.704308  0.415431
0.832931  0.870527
0

H
0
4
0.0924784  0.0719697
0.83355  0.0803872
0.794819  0.881944
0.0184659  0.857323
2
0.0509064  0.462963
0.791978  0.465278

I
0
2
0.454579  0.023503
0.052381  0.855582
0

K
0
4
0.80887  0.0433557
0.0870246  0.0309754
0.909089  0.949323
0.0217618  0.857723
2
0.0243725  0.415606
0.0638462  0.458696

M
0
5
0.87049  0.0311498
0.0818733  0.0720731
0.46622  0.688254
0.0229717  0.854851
0.808539  0.859572
0

O
1
0
0

P
1
1
0.0571895  0.869318
0

T
0
3
0.8  0.0263335
0.0664835  0.0686912
0.429121  0.870069
0

X
0
4
0.14211  0.0695516
0.794047  0.090659
0.0662283  0.935717
0.877762  0.930448
2
0.382739  0.339232
0.382739  0.547455