0
1
0
0

1
0
3
0.793782  0.0340617
0.202714  0.303936
0.714007  0.861187
0

2
0
2
0.239379  0.0714286
0.830882  0.910714
0

2
0
3
0.0954459  0.214357
0.0495969  0.908299
0.807885  0.891309
0

3
0
3
0.109181  0.0594245
0.363524  0.415555
0.187965  0.812761
0

4
0
3
0.723473  0.0400737
0.83739  0.517456
0.765424  0.858016
0

4
0
4
0.742669  0.036447
0.828446  0.520434
0.0625611  0.61643
0.734604  0.844787
0

5
0
2
0.690844  0.0167721
0.158824  0.845929
0

6
1
1
0.766927  0.00681818
0

7
0
2
0.102591  0.0666996
0.242647  0.905138
0

8
2
0
0

9
1
1
0.11695  0.966973
0